O....#....
O.OO#....#
.....##...
OO.#O....O
.O.....O#.
O.#..O.#.#
..O..#O..O
.......O..
#....###..
#OO..#....

OOOO.#.O..
OO..#....#
OO..O##..O
O..#.OO...
........#.
..#....#.#
..O..#.O.O
..O.......
#....###..
#....#....

OOOO.#O...
OO..#....#
OOO..##O..
O..#OO....
........#.
..#....#.#
O....#OO..
O.........
#....###..
#....#....

.....#....
....#.O..#
O..O.##...
O.O#......
O.O....O#.
O.#..O.#.#
O....#....
OO....OO..
#O...###..
#O..O#....



0 87
1 69
2 69
3 69
4 65
5 64
6 65
7 63
8 68
9 69
10 69
11 65
12 64
13 65
14 63
15 68
16 69
17 69
18 65
19 64
20 65
21 63
22 68
23 69
24 69
25 65
26 64
27 65
28 63
29 68
30 69
31 69
32 65
33 64
34 65
35 63
36 68
37 69
38 69
39 65
40 64
41 65
42 63
43 68
44 69
45 69
46 65
47 64
48 65
49 63
50 68
51 69
52 69
53 65
54 64
55 65
56 63
57 68
58 69
59 69
60 65
61 64
62 65
63 63
64 68
65 69
66 69
67 65
68 64
69 65
70 63
71 68
72 69
73 69
74 65
75 64
76 65
77 63
78 68
79 69
80 69
81 65
82 64
83 65
84 63
85 68
86 69
87 69
88 65
89 64
90 65
91 63
92 68
93 69
94 69
95 65
96 64
97 65
98 63
99 68
100 69
101 69
102 65
103 64
104 65
105 63
106 68
107 69
108 69
109 65
110 64
111 65
112 63
113 68
114 69
115 69
116 65
117 64
118 65
119 63
120 68
121 69
122 69
123 65
124 64
125 65
126 63
127 68
128 69
129 69
130 65
131 64
132 65
133 63
134 68
135 69
136 69
137 65
138 64
139 65
140 63
141 68
142 69
143 69
144 65
145 64
146 65
147 63
148 68
149 69
150 69
151 65
152 64
153 65
154 63
155 68
156 69
157 69
158 65
159 64
160 65
161 63
162 68
163 69
164 69
165 65
166 64
167 65
168 63
169 68
170 69
171 69
172 65
173 64
174 65
175 63
176 68
177 69
178 69
179 65
180 64
181 65
182 63
183 68
184 69
185 69
186 65
187 64
188 65
189 63
190 68
191 69
192 69
193 65
194 64
195 65
196 63
197 68
198 69
199 69

0 101151
1 100859
2 100650
3 100338
4 99931
5 99696
6 99415
7 99095
8 98764
9 98526
10 98250
11 97929
12 97614
13 97344
14 97094
15 96843
16 96617
17 96396
18 96214
19 96036
20 95856
21 95632
22 95377
23 95103
24 94856
25 94650
26 94460
27 94239
28 94030
29 93819
30 93611
31 93390
32 93157
33 92971
34 92771
35 92581
36 92399
37 92257
38 92118
39 91984
40 91843
41 91699
42 91554
43 91432
44 91313
45 91204
46 91114
47 91015
48 90935
49 90854
50 90767
51 90643
52 90515
53 90426
54 90331
55 90234
56 90130
57 90038
58 89957
59 89872
60 89758
61 89659
62 89539
63 89430
64 89316
65 89205
66 89087
67 88980
68 88876
69 88769
70 88656
71 88555
72 88475
73 88396
74 88315
75 88226
76 88141
77 88074
78 88021
79 87956
80 87923
81 87887
82 87842
83 87818
84 87809
85 87787
86 87751
87 87696
88 87645
89 87608
90 87580
91 87563
92 87532
93 87506
94 87477
95 87447
96 87430
97 87429
98 87417
99 87395
100 87358
101 87329
102 87312
103 87303
104 87295
105 87286
106 87284
107 87282
108 87264
109 87258
110 87272
111 87286
112 87288
113 87271
114 87266
115 87273
116 87287
117 87292
118 87286
119 87284
120 87282
121 87264
122 87258
123 87272
124 87286
125 87288
126 87271
127 87266
128 87273
129 87287
130 87292
131 87286
132 87284
133 87282
134 87264
135 87258
136 87272
137 87286
138 87288
139 87271
140 87266
141 87273
142 87287
143 87292
144 87286
145 87284
146 87282
147 87264
148 87258
149 87272
150 87286
151 87288
152 87271
153 87266
154 87273
155 87287
156 87292
157 87286
158 87284
159 87282
160 87264
161 87258
162 87272
163 87286
164 87288
165 87271
166 87266
167 87273
168 87287
169 87292
170 87286
171 87284
172 87282
173 87264
174 87258
175 87272
176 87286
177 87288
178 87271
179 87266
180 87273
181 87287
182 87292
183 87286
184 87284
185 87282
186 87264
187 87258
188 87272
189 87286
190 87288
191 87271
192 87266
193 87273
194 87287
195 87292
196 87286
197 87284
198 87282
199 87264